0 0.0640625 0.25625 0.125 0.16875
0 0.21875 0.315625 0.196875 0.2064453125
0 0.05234375 0.434375 0.1046875 0.1875
0 0.0765625 0.62265625 0.153125 0.1796875
0 0.1859375 0.765625 0.19677734375 0.14677734375
0 0.18125 0.50625 0.16533203125 0.18759765625
0 0.29375 0.6375 0.1466796875 0.1591796875
0 0.3875 0.7765625 0.1966796875 0.125
0 0.3921875 0.265625 0.16875 0.200390625
0 0.553125 0.3640625 0.196875 0.1875
0 0.3609375 0.446875 0.15009765625 0.15625
0 0.4609375 0.5703125 0.20322265625 0.196484375
0 0.55 0.728125 0.1841796875 0.19990234375
0 0.740625 0.43125 0.184375 0.175
0 0.69375 0.2484375 0.181640625 0.1751953125
0 0.90625 0.24375 0.184375 0.16220703125
0 0.91953125 0.41796875 0.1609375 0.2046875
0 0.91796875 0.63359375 0.1640625 0.2171875
0 0.7234375 0.6203125 0.2185546875 0.2125