0 0.0640625 0.25625 0.125 0.16875
0 0.21875 0.315625 0.1828125 0.1921875
0 0.0515625 0.434375 0.1 0.184375
0 0.075 0.6234375 0.1484375 0.1703125
0 0.1859375 0.765625 0.1890625 0.1359375
0 0.18125 0.50625 0.1640625 0.1859375
0 0.29375 0.6375 0.14375 0.15625
0 0.3875 0.7765625 0.190625 0.115625
0 0.3921875 0.265625 0.15 0.1875
0 0.553125 0.3640625 0.1890625 0.1796875
0 0.3609375 0.446875 0.1453125 0.153125
0 0.4609375 0.5703125 0.1953125 0.1875
0 0.55 0.728125 0.16875 0.1859375
0 0.740625 0.43125 0.184375 0.175
0 0.69375 0.2484375 0.16875 0.1609375
0 0.90625 0.24375 0.175 0.1515625
0 0.921875 0.41875 0.15625 0.1984375
0 0.9234375 0.634375 0.153125 0.203125
0 0.7234375 0.6203125 0.203125 0.196875