7 0.5390625 0.3453125 0.1796875 0.1453125
7 0.3390625 0.4234375 0.1875 0.1515625
7 0.4953125 0.484375 0.184375 0.1625
7 0.1875 0.5765625 0.1484375 0.1515625
7 0.35625 0.590625 0.2078125 0.171875
7 0.6625 0.4703125 0.175 0.1640625
7 0.78125 0.6 0.18125 0.16875
7 0.6078125 0.6171875 0.2 0.15625
7 0.090625 0.753125 0.1734375 0.146875
7 0.2828125 0.740625 0.2125 0.1671875
7 0.546875 0.7578125 0.24375 0.1359375
7 0.7265625 0.7515625 0.178125 0.15
7 0.903125 0.76875 0.1921875 0.1171875
7 0.8890625 0.696875 0.196875 0.096875