7 0.5390625 0.3453125 0.19375 0.1654296875
7 0.3390625 0.4234375 0.1904296875 0.15615234375
7 0.4953125 0.484375 0.184375 0.1625
7 0.1875 0.5765625 0.16533203125 0.16845703125
7 0.35625 0.590625 0.21240234375 0.178125
7 0.6625 0.4703125 0.190625 0.18154296875
7 0.78125 0.6 0.187890625 0.1779296875
7 0.6078125 0.6171875 0.209765625 0.171484375
7 0.090625 0.753125 0.17783203125 0.1498046875
7 0.2828125 0.740625 0.2158203125 0.17216796875
7 0.546875 0.7578125 0.2529296875 0.153125
7 0.7265625 0.7515625 0.18125 0.1533203125
7 0.9 0.76796875 0.2 0.1390625
7 0.8890625 0.696875 0.203125 0.1125