20 0.275 0.2765625 0.2939453125 0.20634765625
20 0.171875 0.521875 0.19697265625 0.20927734375
20 0.2 0.7390625 0.2001953125 0.166015625
20 0.4109375 0.696875 0.2251953125 0.224609375
20 0.3640625 0.4453125 0.152734375 0.20908203125
20 0.4984375 0.296875 0.13740234375 0.174609375
20 0.6796875 0.346875 0.222265625 0.24072265625
20 0.80625 0.4484375 0.2375 0.15283203125
20 0.7484375 0.634375 0.2189453125 0.1560546875
20 0.621875 0.7375 0.2189453125 0.1501953125
20 0.53125 0.5140625 0.15283203125 0.23095703125