7 0.434375 0.4265625 0.07158203125 0.06845703125
7 0.3421875 0.4609375 0.052734375 0.0498046875
7 0.353125 0.521875 0.049609375 0.0533203125
7 0.359375 0.3 0.068359375 0.068359375
7 0.4015625 0.3734375 0.071484375 0.059765625
7 0.5578125 0.315625 0.06572265625 0.06845703125
7 0.97265625 0.28203125 0.0546875 0.0578125
7 0.85 0.5328125 0.06533203125 0.05
7 0.9109375 0.5640625 0.065234375 0.05927734375
7 0.8515625 0.734375 0.065234375 0.0560546875
7 0.5875 0.5890625 0.05654296875 0.047265625
7 0.55 0.55 0.056640625 0.0498046875