15 0.134375 0.4453125 0.16552734375 0.1591796875
15 0.2703125 0.4625 0.09697265625 0.09404296875
15 0.3421875 0.55 0.1345703125 0.124609375
15 0.528125 0.6546875 0.168359375 0.1564453125
15 0.3984375 0.6796875 0.14052734375 0.13427734375
15 0.70625 0.4484375 0.14384765625 0.13447265625
15 0.7625 0.6265625 0.20029296875 0.1875
15 0.8890625 0.509375 0.19990234375 0.18095703125
15 0.5765625 0.2546875 0.12802734375 0.12177734375
15 0.7078125 0.6828125 0.15341796875 0.140625
15 0.9015625 0.675 0.1908203125 0.175390625