15 0.034375 0.3484375 0.0671875 0.1171875
15 0.1203125 0.3515625 0.0859375 0.0921875
15 0.0328125 0.4765625 0.0640625 0.1546875
15 0.2578125 0.196875 0.1171875 0.109375
15 0.446875 0.2203125 0.10625 0.10625
15 0.36875 0.18125 0.0515625 0.0765625
15 0.2875 0.490625 0.2390625 0.2296875
15 0.396875 0.684375 0.2109375 0.234375
15 0.728125 0.38125 0.140625 0.1359375
15 0.7453125 0.171875 0.0796875 0.0671875
15 0.7765625 0.23125 0.096875 0.0765625
15 0.9390625 0.484375 0.1140625 0.1375
15 0.9515625 0.2953125 0.096875 0.0859375
15 0.8640625 0.7046875 0.1609375 0.14375
15 0.9609375 0.628125 0.078125 0.1359375