15 0.0359375 0.34765625 0.071875 0.1203125
15 0.1203125 0.3515625 0.09091796875 0.09697265625
15 0.03359375 0.47578125 0.0671875 0.1546875
15 0.2578125 0.196875 0.12177734375 0.115625
15 0.446875 0.2203125 0.115625 0.115625
15 0.36875 0.18125 0.05908203125 0.08095703125
15 0.2875 0.490625 0.256640625 0.2501953125
15 0.396875 0.684375 0.2216796875 0.2435546875
15 0.728125 0.38125 0.1501953125 0.14716796875
15 0.7453125 0.171875 0.08408203125 0.07470703125
15 0.7765625 0.23125 0.103515625 0.0873046875
15 0.93671875 0.48359375 0.1265625 0.1484375
15 0.94921875 0.29453125 0.1015625 0.0921875
15 0.8640625 0.7046875 0.16845703125 0.1529296875
15 0.96015625 0.62734375 0.0796875 0.1390625