17 0.4578125 0.21875 0.12158203125 0.1
17 0.1921875 0.4734375 0.128125 0.12802734375
17 0.475 0.525 0.15322265625 0.169140625
17 0.346875 0.5625 0.1341796875 0.1435546875
17 0.53125 0.3859375 0.11220703125 0.11865234375
17 0.415625 0.4234375 0.1220703125 0.1126953125
17 0.24375 0.521875 0.11904296875 0.12509765625
17 0.5546875 0.775 0.1060546875 0.10654296875
17 0.6828125 0.7796875 0.11845703125 0.0998046875
17 0.475 0.7421875 0.0814453125 0.072265625
17 0.5953125 0.7328125 0.09091796875 0.084765625
17 0.4625 0.809375 0.0970703125 0.05947265625
17 0.5515625 0.4765625 0.08447265625 0.10283203125