17 0.4578125 0.21875 0.1171875 0.09375
17 0.1921875 0.4734375 0.121875 0.1203125
17 0.475 0.525 0.1359375 0.15625
17 0.346875 0.5625 0.1234375 0.134375
17 0.53125 0.3859375 0.1015625 0.1078125
17 0.415625 0.4234375 0.121875 0.1125
17 0.24375 0.521875 0.1140625 0.1171875
17 0.5546875 0.775 0.096875 0.0984375
17 0.6828125 0.7796875 0.1140625 0.096875
17 0.475 0.7421875 0.078125 0.06875
17 0.5953125 0.7328125 0.0859375 0.078125
17 0.4625 0.809375 0.09375 0.0484375
17 0.5515625 0.4765625 0.0796875 0.0984375