20 0.50625 0.271875 0.331640625 0.1435546875
20 0.3859375 0.359375 0.309765625 0.169140625
20 0.7765625 0.290625 0.215234375 0.10322265625
20 0.728125 0.4046875 0.3716796875 0.1810546875
20 0.334375 0.465625 0.1935546875 0.0875
20 0.4515625 0.5375 0.4033203125 0.215625
20 0.7140625 0.55 0.221875 0.144140625
20 0.8640625 0.590625 0.19990234375 0.32158203125
20 0.315625 0.6484375 0.1716796875 0.09658203125
20 0.578125 0.6984375 0.3685546875 0.16572265625
20 0.3359375 0.7328125 0.171484375 0.09990234375