0 0.1359375 0.35 0.1984375 0.203125
0 0.3484375 0.4046875 0.19375 0.2140625
0 0.5453125 0.4734375 0.209375 0.1921875
0 0.41875 0.6609375 0.21875 0.2296875
0 0.0890625 0.690625 0.171875 0.2109375
0 0.1875 0.5375 0.196875 0.1796875
0 0.2453125 0.73125 0.1390625 0.16875
0 0.7015625 0.6234375 0.196875 0.2078125
0 0.6796875 0.3734375 0.1984375 0.2015625
0 0.365625 0.240625 0.2171875 0.140625
0 0.5734375 0.2234375 0.2 0.109375
0 0.50625 0.325 0.11875 0.1125
0 0.90625 0.3296875 0.1859375 0.1953125
0 0.9015625 0.534375 0.19375 0.2
0 0.9171875 0.7328125 0.1609375 0.1875
0 0.7515625 0.778125 0.1796875 0.1078125