0 0.1359375 0.35 0.2064453125 0.2125
0 0.3484375 0.4046875 0.2029296875 0.2220703125
0 0.5453125 0.4734375 0.228125 0.21240234375
0 0.41875 0.6609375 0.21875 0.22822265625
0 0.09140625 0.690625 0.1828125 0.225
0 0.1875 0.5375 0.2126953125 0.19970703125
0 0.2453125 0.73125 0.14384765625 0.171875
0 0.7015625 0.6234375 0.21875 0.2283203125
0 0.6796875 0.3734375 0.20009765625 0.20615234375
0 0.365625 0.240625 0.22841796875 0.1595703125
0 0.5734375 0.2234375 0.208984375 0.1251953125
0 0.50625 0.325 0.1248046875 0.1185546875
0 0.9015625 0.32890625 0.196875 0.2140625
0 0.89765625 0.53359375 0.2046875 0.2171875
0 0.915625 0.73203125 0.16875 0.1953125
0 0.7515625 0.778125 0.17841796875 0.10654296875