29 0.3640625 0.615625 0.16220703125 0.15283203125
29 0.4890625 0.7203125 0.18759765625 0.172265625
29 0.7484375 0.4109375 0.1373046875 0.1373046875
29 0.35 0.728125 0.106640625 0.10341796875
29 0.7015625 0.540625 0.125 0.1220703125
29 0.6171875 0.7390625 0.1158203125 0.1158203125
14 0.2625 0.378125 0.1876953125 0.1814453125
14 0.434375 0.428125 0.19052734375 0.184375
14 0.596875 0.4890625 0.203125 0.19716796875
14 0.5484375 0.340625 0.10595703125 0.06591796875
14 0.784375 0.3203125 0.13427734375 0.115625