27 0.2484375 0.390625 0.175 0.0921875
27 0.1921875 0.5046875 0.1671875 0.1484375
27 0.3796875 0.475 0.11875 0.1140625
27 0.275 0.5296875 0.13125 0.1703125
27 0.378125 0.553125 0.19375 0.171875
27 0.440625 0.6625 0.1359375 0.1140625
27 0.384375 0.39375 0.1015625 0.04375
27 0.5484375 0.6984375 0.1171875 0.125
27 0.659375 0.659375 0.1203125 0.140625
27 0.7515625 0.65 0.1109375 0.0921875
27 0.8421875 0.696875 0.115625 0.1109375
27 0.540625 0.40625 0.0640625 0.1046875
27 0.590625 0.35 0.075 0.09375
27 0.5765625 0.45 0.09375 0.0953125
27 0.678125 0.496875 0.1296875 0.084375
27 0.690625 0.41875 0.1125 0.084375
27 0.721875 0.3328125 0.0921875 0.065625
27 0.7890625 0.371875 0.13125 0.096875
27 0.871875 0.45625 0.059375 0.1140625
27 0.7890625 0.48125 0.121875 0.1109375
27 0.65 0.371875 0.0828125 0.065625