27 0.2484375 0.390625 0.1751953125 0.09384765625
27 0.1921875 0.5046875 0.16875 0.15
27 0.3796875 0.475 0.1283203125 0.1248046875
27 0.275 0.5296875 0.14375 0.18095703125
27 0.378125 0.553125 0.2064453125 0.1873046875
27 0.440625 0.6625 0.14072265625 0.11865234375
27 0.384375 0.39375 0.10029296875 0.0466796875
27 0.5484375 0.6984375 0.12490234375 0.133984375
27 0.659375 0.659375 0.13154296875 0.1501953125
27 0.7515625 0.65 0.11572265625 0.10029296875
27 0.8421875 0.696875 0.1248046875 0.12158203125
27 0.540625 0.40625 0.06572265625 0.10654296875
27 0.590625 0.35 0.075390625 0.0939453125
27 0.5765625 0.45 0.097265625 0.09970703125
27 0.678125 0.496875 0.137109375 0.09375
27 0.690625 0.41875 0.119140625 0.0966796875
27 0.721875 0.3328125 0.09697265625 0.0716796875
27 0.7890625 0.371875 0.140625 0.112109375
27 0.871875 0.45625 0.0595703125 0.11259765625
27 0.7890625 0.48125 0.1248046875 0.112890625
27 0.65 0.371875 0.08408203125 0.0685546875