13 0.190625 0.4140625 0.09404296875 0.10322265625
13 0.325 0.375 0.05654296875 0.074609375
13 0.396875 0.4078125 0.112109375 0.121875
13 0.48125 0.4921875 0.1 0.12158203125
13 0.28125 0.4765625 0.131640625 0.14990234375
13 0.196875 0.5609375 0.11904296875 0.109765625
13 0.296875 0.61875 0.1310546875 0.1251953125
13 0.3765625 0.5234375 0.11572265625 0.1095703125
13 0.29375 0.61875 0.12802734375 0.12216796875
13 0.45 0.6015625 0.10341796875 0.077734375
13 0.38125 0.6671875 0.09970703125 0.102734375