14 0.4390625 0.446875 0.1875 0.190625
14 0.43125 0.234375 0.1970703125 0.13134765625
14 0.3765625 0.3234375 0.196875 0.177734375
14 0.5515625 0.5734375 0.1751953125 0.1814453125
14 0.721875 0.4546875 0.13759765625 0.171875
14 0.5328125 0.715625 0.09970703125 0.1279296875
29 0.7828125 0.2875 0.096484375 0.10341796875
29 0.6125 0.4109375 0.1810546875 0.1908203125
29 0.4125 0.625 0.15302734375 0.15908203125
29 0.753125 0.6328125 0.14091796875 0.1373046875
29 0.646875 0.7203125 0.17470703125 0.1716796875