13 0.74375 0.50625 0.128125 0.118359375
13 0.2390625 0.5140625 0.13779296875 0.12783203125
13 0.3890625 0.3421875 0.116015625 0.1
13 0.3078125 0.4140625 0.06875 0.07802734375
13 0.353125 0.39375 0.0560546875 0.0626953125
13 0.4328125 0.3953125 0.083984375 0.05615234375
13 0.4921875 0.4203125 0.09677734375 0.07470703125
13 0.5609375 0.5046875 0.05908203125 0.10029296875
13 0.40625 0.434375 0.07783203125 0.04677734375
13 0.35 0.4921875 0.07529296875 0.11591796875
13 0.43125 0.5046875 0.13427734375 0.12490234375