13 0.50625 0.2 0.103125 0.06865234375
13 0.6359375 0.2078125 0.1375 0.083984375
13 0.7828125 0.203125 0.127734375 0.0783203125
13 0.909375 0.2109375 0.11259765625 0.0845703125
13 0.5375 0.29375 0.178125 0.14384765625
13 0.70625 0.3140625 0.12783203125 0.15625
13 0.8375 0.315625 0.15634765625 0.1404296875
13 0.2828125 0.4578125 0.15908203125 0.12177734375
13 0.1890625 0.61875 0.18466796875 0.1375
13 0.3609375 0.5640625 0.12216796875 0.133984375
13 0.5734375 0.5171875 0.1591796875 0.1185546875
13 0.4234375 0.7265625 0.1439453125 0.134765625
13 0.596875 0.63125 0.13134765625 0.1095703125