13 0.50625 0.2 0.1 0.0640625
13 0.6359375 0.2078125 0.1359375 0.0796875
13 0.7828125 0.203125 0.121875 0.0671875
13 0.909375 0.2109375 0.1140625 0.084375
13 0.5375 0.29375 0.16875 0.1296875
13 0.70625 0.3140625 0.1171875 0.15
13 0.8375 0.315625 0.1484375 0.13125
13 0.2828125 0.4578125 0.1546875 0.1140625
13 0.1890625 0.61875 0.1828125 0.134375
13 0.3609375 0.5640625 0.1203125 0.13125
13 0.5734375 0.5171875 0.153125 0.109375
13 0.4234375 0.7265625 0.140625 0.13125
13 0.596875 0.63125 0.1296875 0.109375