13 0.2546875 0.39375 0.096875 0.10625
13 0.3078125 0.3046875 0.053125 0.0765625
13 0.44375 0.3046875 0.0625 0.0828125
13 0.5359375 0.278125 0.103125 0.096875
13 0.384375 0.365625 0.09375 0.0953125
13 0.2640625 0.4875 0.0671875 0.0796875
13 0.340625 0.4875 0.0875 0.1046875
13 0.475 0.3765625 0.06875 0.053125
13 0.3796875 0.3 0.05625 0.0390625
13 0.3328125 0.4109375 0.0484375 0.0515625
13 0.409375 0.44375 0.0609375 0.053125
13 0.4828125 0.43125 0.0859375 0.0859375
13 0.4421875 0.5125 0.1078125 0.0859375
13 0.5390625 0.5140625 0.0984375 0.0734375
13 0.4875 0.7734375 0.0953125 0.0953125
13 0.7125 0.5875 0.1265625 0.109375
13 0.71875 0.4859375 0.103125 0.0921875
13 0.8734375 0.55625 0.103125 0.1015625
13 0.578125 0.3875 0.1234375 0.13125