13 0.2546875 0.39375 0.1029296875 0.1123046875
13 0.3078125 0.3046875 0.053515625 0.07822265625
13 0.44375 0.3046875 0.0716796875 0.0904296875
13 0.5359375 0.278125 0.1091796875 0.103125
13 0.384375 0.365625 0.1029296875 0.10302734375
13 0.2640625 0.4875 0.06845703125 0.08154296875
13 0.340625 0.4875 0.0904296875 0.10654296875
13 0.475 0.3765625 0.071875 0.0564453125
13 0.3796875 0.3 0.0591796875 0.04091796875
13 0.3328125 0.4109375 0.04970703125 0.05341796875
13 0.409375 0.44375 0.06259765625 0.055859375
13 0.4828125 0.43125 0.08720703125 0.08779296875
13 0.4421875 0.5125 0.11533203125 0.09404296875
13 0.5390625 0.5140625 0.10302734375 0.08095703125
13 0.4875 0.7734375 0.09716796875 0.09990234375
13 0.7125 0.5875 0.12841796875 0.112890625
13 0.71875 0.4859375 0.1033203125 0.09345703125
13 0.8734375 0.55625 0.1091796875 0.10615234375
13 0.578125 0.3875 0.13740234375 0.1435546875