17 0.3390625 0.3203125 0.13759765625 0.16904296875
17 0.44375 0.3921875 0.11845703125 0.1283203125
17 0.315625 0.428125 0.1408203125 0.130859375
17 0.2625 0.540625 0.1501953125 0.137109375
17 0.45 0.5140625 0.14375 0.14375
17 0.3796875 0.6 0.13759765625 0.13447265625
17 0.803125 0.45625 0.1439453125 0.14072265625
17 0.9125 0.4671875 0.09384765625 0.09677734375
17 0.6171875 0.5328125 0.10625 0.141015625
17 0.71875 0.5484375 0.153125 0.1501953125
17 0.86875 0.5671875 0.1498046875 0.128515625
17 0.896875 0.653125 0.124609375 0.099609375
17 0.75 0.6359375 0.128125 0.07802734375