7 0.4515625 0.6078125 0.183984375 0.184765625
7 0.2734375 0.5890625 0.15595703125 0.1064453125
7 0.38125 0.428125 0.18125 0.1904296875
7 0.2203125 0.440625 0.12802734375 0.13447265625
7 0.121875 0.7671875 0.187109375 0.14970703125
7 0.6765625 0.7109375 0.1720703125 0.171484375
7 0.7859375 0.5328125 0.1751953125 0.16904296875
7 0.7 0.2671875 0.162890625 0.17802734375
7 0.903125 0.2421875 0.162109375 0.1623046875
7 0.8015625 0.1953125 0.1591796875 0.0498046875
7 0.8078125 0.8 0.1591796875 0.0810546875
7 0.2140625 0.5125 0.15908203125 0.084375