2 0.471875 0.471875 0.15615234375 0.1591796875
2 0.6234375 0.515625 0.122265625 0.125
2 0.8140625 0.5609375 0.12216796875 0.1251953125
2 0.653125 0.6296875 0.12802734375 0.11279296875
17 0.725 0.5640625 0.1185546875 0.116015625
17 0.328125 0.5359375 0.05322265625 0.06259765625
17 0.34375 0.5765625 0.0748046875 0.07197265625
17 0.3484375 0.6578125 0.0626953125 0.0626953125
17 0.625 0.4140625 0.07158203125 0.08427734375
17 0.6828125 0.3578125 0.0595703125 0.05283203125
17 0.615625 0.3296875 0.062109375 0.047265625
17 0.5703125 0.3921875 0.05615234375 0.06220703125
17 0.55 0.45 0.06875 0.07509765625
17 0.9171875 0.1828125 0.065625 0.0341796875
2 0.2328125 0.4390625 0.09384765625 0.0970703125