2 0.471875 0.471875 0.1421875 0.146875
2 0.6234375 0.515625 0.1171875 0.1171875
2 0.8140625 0.5609375 0.1171875 0.11875
2 0.653125 0.6296875 0.1171875 0.1015625
17 0.725 0.5640625 0.115625 0.1140625
17 0.328125 0.5359375 0.0515625 0.0609375
17 0.34375 0.5765625 0.06875 0.0671875
17 0.3484375 0.6578125 0.059375 0.059375
17 0.625 0.4140625 0.0640625 0.0796875
17 0.6828125 0.3578125 0.05625 0.0484375
17 0.615625 0.3296875 0.059375 0.046875
17 0.5703125 0.3921875 0.0546875 0.0609375
17 0.55 0.45 0.06875 0.0765625
17 0.9171875 0.1828125 0.0640625 0.03125
2 0.2328125 0.4390625 0.0890625 0.09375