12 0.86875 0.696875 0.14375 0.184375
27 0.8828125 0.59375 0.1248046875 0.115625
12 0.7171875 0.6515625 0.1435546875 0.202734375
12 0.3828125 0.515625 0.17841796875 0.0876953125
12 0.3296875 0.6015625 0.116015625 0.128125
12 0.2078125 0.590625 0.1529296875 0.10625
12 0.309375 0.6953125 0.1154296875 0.1345703125
12 0.18125 0.684375 0.150390625 0.1185546875
12 0.121875 0.521875 0.1591796875 0.103125
27 0.246875 0.49375 0.099609375 0.11552734375
27 0.265625 0.4421875 0.0654296875 0.08779296875
27 0.7015625 0.509375 0.071484375 0.10634765625
27 0.628125 0.5890625 0.1 0.090625
27 0.603125 0.66875 0.124609375 0.1001953125