12 0.86875 0.696875 0.125 0.171875
27 0.8828125 0.59375 0.1140625 0.1046875
12 0.7171875 0.6515625 0.125 0.1921875
12 0.3828125 0.515625 0.1765625 0.084375
12 0.3296875 0.6015625 0.1078125 0.1203125
12 0.2078125 0.590625 0.1453125 0.0953125
12 0.309375 0.6953125 0.109375 0.13125
12 0.18125 0.684375 0.15 0.115625
12 0.121875 0.521875 0.1578125 0.1015625
27 0.246875 0.49375 0.0875 0.1078125
27 0.265625 0.4421875 0.05625 0.0828125
27 0.7015625 0.509375 0.06875 0.1046875
27 0.628125 0.5890625 0.0953125 0.084375
27 0.603125 0.66875 0.1171875 0.09375