26 0.646875 0.4390625 0.08125 0.071875
26 0.7328125 0.4609375 0.0953125 0.071875
26 0.659375 0.5234375 0.0734375 0.090625
26 0.6796875 0.3765625 0.075 0.0875
26 0.584375 0.4171875 0.0984375 0.0703125
26 0.5421875 0.3578125 0.0890625 0.1078125
26 0.4203125 0.384375 0.14375 0.13125
26 0.3671875 0.5546875 0.1046875 0.1015625
26 0.2734375 0.6078125 0.1125 0.1015625
26 0.4015625 0.6375 0.1125 0.096875
26 0.0828125 0.7109375 0.0703125 0.084375
26 0.015625 0.6734375 0.03125 0.084375
26 0.0171875 0.759375 0.0328125 0.078125
26 0.1671875 0.8 0.1078125 0.065625
26 0.265625 0.8125 0.0828125 0.040625