26 0.646875 0.4390625 0.08125 0.071875
26 0.7328125 0.4609375 0.09677734375 0.071875
26 0.659375 0.5234375 0.08447265625 0.097265625
26 0.6796875 0.3765625 0.077734375 0.090234375
26 0.584375 0.4171875 0.10634765625 0.08154296875
26 0.5421875 0.3578125 0.09072265625 0.10947265625
26 0.4203125 0.384375 0.1439453125 0.1314453125
26 0.3671875 0.5546875 0.11259765625 0.11240234375
26 0.2734375 0.6078125 0.122265625 0.11552734375
26 0.4015625 0.6375 0.11875 0.105859375
26 0.0828125 0.7109375 0.07822265625 0.0904296875
26 0.015625 0.67265625 0.03125 0.0859375
26 0.01875 0.75859375 0.0375 0.0796875
26 0.1671875 0.8 0.1095703125 0.0685546875
26 0.265625 0.8125 0.0841796875 0.04375