2 0.190625 0.6765625 0.1095703125 0.13115234375
2 0.146875 0.571875 0.10625 0.096875
2 0.278125 0.6046875 0.13125 0.097265625
2 0.8 0.428125 0.134375 0.1435546875
2 0.678125 0.39375 0.1251953125 0.14072265625
2 0.878125 0.4125 0.119140625 0.130859375
2 0.66875 0.3140625 0.09990234375 0.08125
2 0.66875 0.55 0.1154296875 0.119140625
2 0.4328125 0.4640625 0.1154296875 0.140234375
2 0.365625 0.578125 0.0873046875 0.1189453125
17 0.440625 0.5859375 0.11552734375 0.1095703125
17 0.5265625 0.5734375 0.1125 0.115625
17 0.5296875 0.4234375 0.12197265625 0.10341796875
17 0.78125 0.30625 0.13125 0.1033203125
17 0.59375 0.38125 0.080859375 0.0939453125
17 0.565625 0.4875 0.09716796875 0.07509765625
2 0.4625 0.65625 0.1154296875 0.0748046875