2 0.190625 0.6765625 0.096875 0.1203125
2 0.146875 0.571875 0.10625 0.096875
2 0.278125 0.6046875 0.1296875 0.0984375
2 0.8 0.428125 0.121875 0.13125
2 0.678125 0.39375 0.121875 0.1359375
2 0.878125 0.4125 0.1109375 0.121875
2 0.66875 0.3140625 0.0984375 0.08125
2 0.66875 0.55 0.1140625 0.11875
2 0.4328125 0.4640625 0.1125 0.1375
2 0.365625 0.578125 0.075 0.1125
17 0.440625 0.5859375 0.1046875 0.1
17 0.5265625 0.5734375 0.109375 0.1125
17 0.5296875 0.4234375 0.1171875 0.0953125
17 0.78125 0.30625 0.1234375 0.0953125
17 0.59375 0.38125 0.075 0.090625
17 0.565625 0.4875 0.0921875 0.0703125
2 0.4625 0.65625 0.1125 0.0703125