21 0.58125 0.6671875 0.2154296875 0.21533203125
21 0.3609375 0.584375 0.16220703125 0.14345703125
21 0.284375 0.465625 0.14677734375 0.14677734375
21 0.4296875 0.465625 0.128125 0.13427734375
21 0.50625 0.521875 0.13779296875 0.1373046875
21 0.7625 0.6484375 0.1341796875 0.141015625
21 0.9 0.6609375 0.15947265625 0.1466796875
21 0.796875 0.509375 0.16220703125 0.16220703125
21 0.6375 0.4375 0.1810546875 0.1810546875
21 0.4125 0.3546875 0.1283203125 0.11240234375
21 0.546875 0.33125 0.1595703125 0.146875
21 0.7515625 0.359375 0.16865234375 0.15947265625
21 0.9515625 0.3796875 0.09375 0.14052734375
21 0.8921875 0.2671875 0.14033203125 0.13427734375
21 0.6421875 0.271875 0.11259765625 0.1095703125
21 0.38125 0.275 0.1123046875 0.106640625
21 0.5859375 0.21875 0.10634765625 0.09345703125
21 0.66875 0.2109375 0.08447265625 0.0876953125