21 0.58125 0.6671875 0.196875 0.1953125
21 0.3609375 0.584375 0.1515625 0.1328125
21 0.284375 0.465625 0.1359375 0.1359375
21 0.4296875 0.465625 0.125 0.1296875
21 0.50625 0.521875 0.1359375 0.134375
21 0.7625 0.6484375 0.128125 0.1375
21 0.9 0.6609375 0.1484375 0.134375
21 0.796875 0.509375 0.1578125 0.1578125
21 0.6375 0.4375 0.16875 0.16875
21 0.4125 0.3546875 0.121875 0.1046875
21 0.546875 0.33125 0.1515625 0.1359375
21 0.7515625 0.359375 0.1578125 0.1484375
21 0.9515625 0.3796875 0.09375 0.1390625
21 0.8921875 0.2671875 0.1265625 0.1203125
21 0.6421875 0.271875 0.1046875 0.1
21 0.38125 0.275 0.1078125 0.103125
21 0.5859375 0.21875 0.1015625 0.0890625
21 0.66875 0.2109375 0.0796875 0.084375