6 0.7453125 0.7484375 0.259375 0.2625
6 0.5078125 0.6796875 0.25625 0.272265625
6 0.2828125 0.6859375 0.2408203125 0.2341796875
6 0.2203125 0.5046875 0.21865234375 0.21875
6 0.6390625 0.5328125 0.20029296875 0.1873046875
6 0.8234375 0.496875 0.2095703125 0.228125
6 0.91015625 0.65625 0.1796875 0.259375
6 0.9015625 0.34296875 0.196875 0.2234375
6 0.70625 0.359375 0.190625 0.190625
6 0.8109375 0.209375 0.20927734375 0.18427734375
6 0.63125 0.221875 0.1689453125 0.14990234375
6 0.409375 0.2265625 0.1751953125 0.17802734375
6 0.3 0.346875 0.187890625 0.15615234375
6 0.1171875 0.3703125 0.1904296875 0.2001953125
6 0.2515625 0.2375 0.14658203125 0.137890625
6 0.421875 0.50625 0.20322265625 0.20625