6 0.7453125 0.7484375 0.24375 0.246875
6 0.5078125 0.6796875 0.234375 0.2546875
6 0.2828125 0.6859375 0.225 0.2171875
6 0.2203125 0.5046875 0.2140625 0.215625
6 0.6390625 0.5328125 0.1890625 0.175
6 0.8234375 0.496875 0.2 0.21875
6 0.915625 0.65625 0.1671875 0.246875
6 0.90625 0.34375 0.1875 0.2046875
6 0.70625 0.359375 0.1875 0.1875
6 0.8109375 0.209375 0.1953125 0.1671875
6 0.63125 0.221875 0.159375 0.1359375
6 0.409375 0.2265625 0.16875 0.1703125
6 0.3 0.346875 0.184375 0.1515625
6 0.1171875 0.3703125 0.175 0.1875
6 0.2515625 0.2375 0.1359375 0.128125
6 0.421875 0.50625 0.1859375 0.190625