21 0.734375 0.8046875 0.262109375 0.259765625
21 0.45390625 0.8828125 0.3078125 0.234375
21 0.409375 0.6421875 0.319140625 0.340625
21 0.1671875 0.4421875 0.25634765625 0.2779296875
21 0.775 0.4625 0.33779296875 0.318359375
21 0.2625 0.215625 0.2439453125 0.26591796875
21 0.5046875 0.3421875 0.258984375 0.271484375
21 0.7859375 0.2390625 0.2126953125 0.20283203125
21 0.5859375 0.19375 0.19091796875 0.162890625
21 0.121875 0.1859375 0.1064453125 0.1595703125
21 0.1203125 0.740625 0.17216796875 0.26279296875