17 0.3046875 0.4484375 0.2060546875 0.19375
17 0.2625 0.5890625 0.1720703125 0.14697265625
17 0.4609375 0.571875 0.2376953125 0.2408203125
17 0.3796875 0.7078125 0.225 0.1873046875
17 0.5625 0.771875 0.175390625 0.1970703125
17 0.7203125 0.6625 0.24072265625 0.16591796875
17 0.328125 0.29375 0.16845703125 0.16845703125
17 0.45625 0.38125 0.15654296875 0.155859375
17 0.6 0.440625 0.1685546875 0.1658203125
17 0.6359375 0.58125 0.15302734375 0.14658203125
17 0.790625 0.5078125 0.2033203125 0.18740234375
17 0.740625 0.3296875 0.2095703125 0.1908203125
17 0.4671875 0.221875 0.15 0.175
17 0.609375 0.246875 0.14365234375 0.1720703125