17 0.3046875 0.4484375 0.190625 0.1765625
17 0.2625 0.5890625 0.171875 0.1453125
17 0.4609375 0.571875 0.215625 0.21875
17 0.3796875 0.7078125 0.2140625 0.1734375
17 0.5625 0.771875 0.15625 0.18125
17 0.7203125 0.6625 0.2296875 0.1421875
17 0.328125 0.29375 0.1609375 0.1609375
17 0.45625 0.38125 0.1453125 0.140625
17 0.6 0.440625 0.1578125 0.1546875
17 0.6359375 0.58125 0.1390625 0.1328125
17 0.790625 0.5078125 0.190625 0.1734375
17 0.740625 0.3296875 0.203125 0.1828125
17 0.4671875 0.221875 0.15 0.175
17 0.609375 0.246875 0.1296875 0.1625